1073741824S,0C
0 0
81833 1
603 1
1203 1
-603 -1
688 1
683 1
656 1
1709 1
9322 1
9236 1
9208 1
2482 1
23085 1
21424 1
23230 1
5722477 1
20077 1
92079 1
12906 1
1696 1
8814 1
8984 1
8878 1
706 1
1804 1
10249 1
10443 1
10607 1
8864 1
1032 1
1079 1
9534 1
-9534 -1
7257 1
908 1
7861 1
7736 1
15151 1
7930 1
8133 1
962 1
983 1
957 1
793 1
855 1
8357 1
857 1
867 1
8136 1
895562 1
1233 1
16712 1
5381 1
5311 1
1823 1
79192 1
96510 1
90515 1
116839 1
971 1
6950 1
101580 1
2051 1
124488 1
130465 1
5273 1
12115 1
721 1
-8136 -1
864 1
895 1
-864 -1
7060 1
-7060 -1
93101 1
1705 1
90368 1
3069 1
94415 1
93376 1
80105 1
69568 1
3138 1
